{
  "original_external_performance": {
    "accuracy": 0.7233502538071066,
    "macro_f1": 0.6750766611832162,
    "micro_f1": 0.7233502538071066,
    "per_class_f1": [
      0.368,
      0.8201438848920863,
      0.7226890756302521,
      0.7894736842105263
    ],
    "per_class_recall": [
      0.23,
      0.991304347826087,
      0.581081081081081,
      1.0
    ],
    "roc_auc": 0.898056353143807,
    "log_loss": 1.9590741300299415,
    "brier_score": 0.11441508930993874,
    "ece": 0.12955837543433119,
    "mce": 0.7347415816315191,
    "predictions": [
      1,
      3,
      3,
      3,
      3,
      1,
      3,
      1,
      1,
      3,
      3,
      3,
      1,
      1,
      3,
      1,
      1,
      1,
      1,
      0,
      1,
      1,
      1,
      3,
      1,
      0,
      1,
      3,
      3,
      3,
      3,
      3,
      2,
      3,
      1,
      1,
      3,
      1,
      1,
      3,
      0,
      0,
      3,
      1,
      1,
      1,
      3,
      3,
      3,
      3,
      3,
      3,
      3,
      3,
      3,
      0,
      3,
      0,
      0,
      0,
      0,
      0,
      0,
      0,
      0,
      0,
      0,
      1,
      0,
      0,
      0,
      0,
      1,
      1,
      0,
      1,
      1,
      1,
      1,
      1,
      3,
      3,
      3,
      1,
      1,
      3,
      3,
      3,
      3,
      3,
      3,
      1,
      1,
      1,
      1,
      3,
      0,
      0,
      0,
      1,
      1,
      1,
      1,
      1,
      1,
      1,
      1,
      2,
      1,
      1,
      1,
      1,
      1,
      1,
      1,
      1,
      1,
      1,
      1,
      1,
      1,
      1,
      1,
      1,
      1,
      1,
      1,
      1,
      1,
      1,
      1,
      1,
      1,
      1,
      1,
      1,
      1,
      1,
      1,
      1,
      1,
      1,
      1,
      1,
      1,
      1,
      1,
      1,
      1,
      1,
      1,
      1,
      1,
      1,
      1,
      1,
      1,
      1,
      1,
      1,
      1,
      1,
      1,
      1,
      1,
      1,
      1,
      1,
      1,
      1,
      1,
      1,
      1,
      1,
      1,
      1,
      1,
      1,
      1,
      1,
      1,
      1,
      1,
      1,
      1,
      1,
      1,
      1,
      1,
      1,
      1,
      1,
      1,
      1,
      1,
      1,
      1,
      1,
      1,
      1,
      1,
      1,
      1,
      1,
      1,
      1,
      1,
      1,
      1,
      1,
      1,
      1,
      1,
      1,
      1,
      1,
      2,
      2,
      2,
      2,
      3,
      2,
      1,
      2,
      2,
      2,
      2,
      1,
      1,
      1,
      2,
      2,
      3,
      2,
      2,
      2,
      2,
      3,
      3,
      3,
      2,
      2,
      2,
      2,
      2,
      2,
      2,
      2,
      2,
      2,
      2,
      2,
      2,
      2,
      2,
      3,
      3,
      3,
      3,
      3,
      3,
      0,
      0,
      3,
      2,
      3,
      3,
      3,
      3,
      3,
      1,
      2,
      1,
      1,
      1,
      1,
      2,
      2,
      2,
      2,
      2,
      2,
      2,
      2,
      2,
      2,
      2,
      1,
      1,
      3,
      3,
      3,
      3,
      3,
      3,
      3,
      3,
      3,
      3,
      3,
      3,
      3,
      3,
      3,
      3,
      3,
      3,
      3,
      3,
      3,
      3,
      3,
      3,
      3,
      3,
      3,
      3,
      3,
      3,
      3,
      3,
      3,
      3,
      3,
      3,
      3,
      3,
      3,
      3,
      3,
      3,
      3,
      3,
      3,
      3,
      3,
      3,
      3,
      3,
      3,
      3,
      3,
      3,
      3,
      3,
      3,
      3,
      3,
      3,
      3,
      3,
      3,
      3,
      3,
      3,
      3,
      3,
      3,
      3,
      3,
      3,
      3,
      3,
      3,
      3,
      3,
      3,
      3,
      3,
      3,
      3,
      3,
      3,
      3,
      3,
      3,
      3,
      3,
      3,
      3,
      3,
      3,
      3,
      3,
      3,
      3,
      3,
      3,
      3,
      3,
      3,
      3,
      3,
      3
    ],
    "probabilities": [
      [
        0.3032689038256113,
        0.6726191471654588,
        0.024028960768321887,
        8.298824060806567e-05
      ],
      [
        0.06885982714087147,
        0.0001246250530404632,
        0.0012482287300766188,
        0.9297673190760114
      ],
      [
        0.00039047181057782083,
        0.3968546749054398,
        0.00916566885851935,
        0.5935891844254629
      ],
      [
        0.00499191546496578,
        0.49645755164103866,
        0.00029272546371452796,
        0.4982578074302811
      ],
      [
        0.00499191546496578,
        0.49645755164103866,
        0.00029272546371452796,
        0.4982578074302811
      ],
      [
        0.00023745045843242166,
        0.9517893233497154,
        0.003475551557250598,
        0.04449767463460155
      ],
      [
        0.2723644074257033,
        1.3980763230285467e-06,
        3.4960287968344e-06,
        0.7276306984691767
      ],
      [
        3.999831214830463e-08,
        0.4424495240667199,
        0.30565609126671367,
        0.25189434466825417
      ],
      [
        1.9093714828507277e-06,
        0.988930870937142,
        0.00546316430149588,
        0.005604055389879345
      ],
      [
        1.232955116849746e-08,
        0.29438540775534533,
        0.017284187807221595,
        0.6883303921078818
      ],
      [
        0.00012481176830158504,
        0.0004452907368172092,
        0.0012894325383254958,
        0.9981404649565557
      ],
      [
        4.596442819888432e-06,
        0.4948869110734731,
        1.1588120214862448e-09,
        0.505108491324895
      ],
      [
        0.00028953359867726127,
        0.8998681331674634,
        0.00014783848850313848,
        0.09969449474535629
      ],
      [
        3.788369792519938e-05,
        0.9627969713484935,
        5.913503520074008e-05,
        0.037106009918380485
      ],
      [
        0.000796397877260304,
        0.0759471161605283,
        0.007166834475261768,
        0.9160896514869497
      ],
      [
        3.0700768628473105e-05,
        0.9565036706926147,
        0.002359990931932899,
        0.04110563760682407
      ],
      [
        1.400427176758233e-07,
        0.6637161198245085,
        4.5941760156782006e-06,
        0.3362791459567581
      ],
      [
        0.1760779855444172,
        0.4904503748291904,
        7.412537455527347e-05,
        0.333397514251837
      ],
      [
        5.644155605723036e-07,
        0.5200827665482208,
        1.0632934134990644e-07,
        0.47991656270687716
      ],
      [
        0.9614988865293016,
        0.018984427048404168,
        1.0828426246963968e-08,
        0.019516675593867768
      ],
      [
        0.2350312589622305,
        0.491210749873286,
        4.08741372912755e-11,
        0.2737579911236094
      ],
      [
        1.804548547726406e-07,
        0.980636059077844,
        0.00509142728235248,
        0.014272333184948778
      ],
      [
        1.804548547726406e-07,
        0.980636059077844,
        0.00509142728235248,
        0.014272333184948778
      ],
      [
        0.0008271644833107311,
        0.0933883054361542,
        0.0016403297126618105,
        0.9041442003678731
      ],
      [
        0.00042607647572511827,
        0.9943260838683724,
        8.081316273236217e-06,
        0.00523975833962912
      ],
      [
        0.8707152222343554,
        1.8951507566341853e-05,
        0.0005344472373656235,
        0.12873137902071263
      ],
      [
        0.006909067198640354,
        0.7400737238932766,
        4.321101742733621e-06,
        0.2530128878063403
      ],
      [
        4.4251554204056986e-07,
        0.00129274717549757,
        0.05496993610948496,
        0.9437368741994754
      ],
      [
        0.0015496648581735184,
        0.12779308045750734,
        0.0034393117840995757,
        0.8672179429002195
      ],
      [
        3.6279294086994994e-05,
        0.000517744564509387,
        9.676981119063103e-05,
        0.999349206330213
      ],
      [
        0.02747292977189334,
        0.004125680399828021,
        0.44426298873248465,
        0.524138401095794
      ],
      [
        5.804439176275509e-07,
        0.12350563292861493,
        0.0013332015868265908,
        0.8751605850406409
      ],
      [
        0.10934654901677078,
        0.070356867963631,
        0.6500062934902238,
        0.17029028952937436
      ],
      [
        0.003990088342953919,
        0.01318261696585092,
        0.03164459309134177,
        0.9511827015998534
      ],
      [
        0.0012667338074841784,
        0.9818770644258266,
        8.754472308595254e-05,
        0.016768657043603325
      ],
      [
        0.18153311567471825,
        0.812685303654715,
        0.002655703241988911,
        0.003125877428577716
      ],
      [
        5.2839446624898654e-08,
        0.02365517926706091,
        0.06766048192911858,
        0.9086842859643739
      ],
      [
        2.496155279144688e-05,
        0.9876580085563055,
        4.3929214469373e-05,
        0.012273100676433748
      ],
      [
        0.0007351359328523763,
        0.8743554424435379,
        0.11434436801927138,
        0.010565053604338298
      ],
      [
        0.13914013858022647,
        0.03102981951566908,
        0.16616510257863523,
        0.6636649393254693
      ],
      [
        0.9945123613738981,
        0.0021740401551876877,
        1.563830328257152e-06,
        0.0033120346405860466
      ],
      [
        0.8707152222343554,
        1.8951507566341853e-05,
        0.0005344472373656235,
        0.12873137902071263
      ],
      [
        0.0009324615481935691,
        0.008015517227152425,
        5.392786738449315e-05,
        0.9909980933572695
      ],
      [
        3.071961268641352e-06,
        0.9914209919876422,
        9.88810356080843e-06,
        0.008566047947528483
      ],
      [
        0.0023594048640091002,
        0.9936572662226623,
        8.217308703958259e-07,
        0.003982507182458088
      ],
      [
        1.211941812655264e-06,
        0.9950962420770274,
        5.821089473571248e-06,
        0.004896724891686277
      ],
      [
        0.01595900185799208,
        0.48905804486435783,
        8.95566781237044e-05,
        0.4948933965995264
      ],
      [
        3.223221379257838e-07,
        0.003842962375647791,
        0.005705683765532051,
        0.9904510315366822
      ],
      [
        0.2941137193803025,
        0.03895109791614609,
        0.003741928834371759,
        0.6631932538691797
      ],
      [
        0.0003418229865680225,
        0.09939304154626563,
        8.270770256984448e-05,
        0.9001824277645966
      ],
      [
        3.158817808479808e-05,
        0.18980450277906374,
        0.0004928906451567324,
        0.8096710183976947
      ],
      [
        0.01595900185799208,
        0.48905804486435783,
        8.95566781237044e-05,
        0.4948933965995264
      ],
      [
        4.960407995822182e-06,
        0.010144068847682555,
        1.2467645556275721e-06,
        0.989849723979766
      ],
      [
        6.522822193815908e-09,
        0.48383305765456397,
        0.0004535137218460588,
        0.5157134221007678
      ],
      [
        0.0075444481364486775,
        0.005116897337096988,
        7.38399536264504e-07,
        0.987337916126918
      ],
      [
        0.8780367725678754,
        0.11695594277013856,
        0.004971517884160192,
        3.576677782589391e-05
      ],
      [
        0.0008271644833107311,
        0.0933883054361542,
        0.0016403297126618105,
        0.9041442003678731
      ],
      [
        0.5602917091100892,
        0.4312346947538504,
        2.1969547975004518e-06,
        0.008471399181262723
      ],
      [
        0.7286197365016917,
        0.27137604287486283,
        1.4873450987648088e-07,
        4.071888935483965e-06
      ],
      [
        0.6283198432849479,
        0.37165930865648145,
        2.0075631622700123e-05,
        7.724269479806633e-07
      ],
      [
        0.7979047715823704,
        0.19673480875190943,
        0.0033843042666888328,
        0.0019761153990314117
      ],
      [
        0.5811944658641456,
        0.41880202275939943,
        7.056615996648672e-07,
        2.8057148553456105e-06
      ],
      [
        0.5811944658641456,
        0.41880202275939943,
        7.056615996648672e-07,
        2.8057148553456105e-06
      ],
      [
        0.9872850113272118,
        0.009336112236647402,
        2.2549079638021766e-06,
        0.0033766215281770128
      ],
      [
        0.9751841333820314,
        0.023347031903109817,
        1.4247008175790681e-06,
        0.0014674100140410866
      ],
      [
        0.9943104567517982,
        0.0019715607125561467,
        9.025289935484157e-08,
        0.0037178922827464564
      ],
      [
        0.9998833372527424,
        0.00010139581059371642,
        3.2179108997583825e-06,
        1.2049025763910947e-05
      ],
      [
        0.0011880417342488543,
        0.9935602284537159,
        1.900617724509736e-05,
        0.0052327236347901145
      ],
      [
        0.9987389344439371,
        1.6331777845170179e-06,
        0.0012266501939747511,
        3.278218430360775e-05
      ],
      [
        0.9987389344439371,
        1.6331777845170179e-06,
        0.0012266501939747511,
        3.278218430360775e-05
      ],
      [
        0.9979784845842802,
        0.0002070098121230983,
        0.00015173551976635453,
        0.001662770083830298
      ],
      [
        0.8859834095792566,
        0.11398895420142573,
        1.1113562472276004e-07,
        2.752508369301174e-05
      ],
      [
        0.027503358534651468,
        0.9707710424356711,
        4.85604604329867e-08,
        0.0017255504692169521
      ],
      [
        0.25092712526612165,
        0.713364617975027,
        0.00014555041413966935,
        0.035562706344711544
      ],
      [
        0.7318800259643001,
        0.2680014012963842,
        0.00011575020857669442,
        2.822530739098164e-06
      ],
      [
        2.698182927571434e-06,
        0.8096335352689897,
        6.7910674029308056e-06,
        0.19035697548067992
      ],
      [
        0.004858463947334181,
        0.9731423834228509,
        0.0001704924814997656,
        0.021828660148315242
      ],
      [
        1.804548547726406e-07,
        0.980636059077844,
        0.00509142728235248,
        0.014272333184948778
      ],
      [
        0.0049377175079679215,
        0.8727814809573495,
        1.7694648125210338e-05,
        0.12226310688655734
      ],
      [
        2.698182927571434e-06,
        0.8096335352689897,
        6.7910674029308056e-06,
        0.19035697548067992
      ],
      [
        0.0003328849525461214,
        0.00012917291443169276,
        0.03654319274079661,
        0.9629947493922256
      ],
      [
        7.0705320565103066e-06,
        0.005913382297883175,
        0.001124508395283426,
        0.9929550387747769
      ],
      [
        2.6609462659722018e-06,
        0.2318225799280289,
        0.00024261173304855106,
        0.7679321473926566
      ],
      [
        0.00042607647572511827,
        0.9943260838683724,
        8.081316273236217e-06,
        0.00523975833962912
      ],
      [
        0.00019301397877409917,
        0.9987695404275728,
        4.14192537226423e-06,
        0.0010333036682807805
      ],
      [
        0.2738555808080464,
        0.01869145125565557,
        0.025391514113139432,
        0.6820614538231586
      ],
      [
        0.0031218923223729125,
        0.021070981914799385,
        0.030131282131372575,
        0.9456758436314552
      ],
      [
        0.10765128341246759,
        0.020145767564315593,
        1.179126633556205e-06,
        0.8722017698965833
      ],
      [
        2.640883472057805e-06,
        0.27276114286218067,
        2.6468269838763555e-05,
        0.7272097479845085
      ],
      [
        0.001958018767905618,
        0.004029470840271487,
        0.20309058333884975,
        0.7909219270529732
      ],
      [
        0.00499191546496578,
        0.49645755164103866,
        0.00029272546371452796,
        0.4982578074302811
      ],
      [
        0.0005748308413729862,
        0.9873134225804696,
        0.00013708459864236579,
        0.011974661979515053
      ],
      [
        0.0066398201604960985,
        0.9933290179849037,
        3.449000576437948e-08,
        3.1127364594367374e-05
      ],
      [
        4.4232893921529396e-06,
        0.9858828469125754,
        0.013922901219125365,
        0.00018982857890701294
      ],
      [
        4.4232893921529396e-06,
        0.9858828469125754,
        0.013922901219125365,
        0.00018982857890701294
      ],
      [
        0.000796397877260304,
        0.0759471161605283,
        0.007166834475261768,
        0.9160896514869497
      ],
      [
        0.9614988865293016,
        0.018984427048404168,
        1.0828426246963968e-08,
        0.019516675593867768
      ],
      [
        0.48898665654092066,
        0.10953035106782383,
        0.003261414383015688,
        0.3982215780082399
      ],
      [
        0.48898665654092066,
        0.10953035106782383,
        0.003261414383015688,
        0.3982215780082399
      ],
      [
        0.3032689038256113,
        0.6726191471654588,
        0.024028960768321887,
        8.298824060806567e-05
      ],
      [
        0.0010769099461986752,
        0.989879097148788,
        1.5494031848743604e-06,
        0.009042443501828458
      ],
      [
        0.0056121771963034035,
        0.9926008756348321,
        1.1517375064865506e-05,
        0.0017754297937997562
      ],
      [
        0.00010970573077484357,
        0.992101881037687,
        9.532882436899073e-05,
        0.007693084407169165
      ],
      [
        0.00014657728742971501,
        0.9818775034941685,
        1.6841069778089567e-05,
        0.0179590781486236
      ],
      [
        1.5519946731630456e-06,
        0.9744949319012507,
        0.0014624593460833579,
        0.024041056757992736
      ],
      [
        6.362069272274753e-06,
        0.9274519164066826,
        0.00011199767961266399,
        0.07242972384443237
      ],
      [
        1.5783953428358051e-06,
        0.8480241941777418,
        0.0001633377395300527,
        0.15181088968738532
      ],
      [
        4.284573318821462e-09,
        0.4993851301149459,
        0.500614266267944,
        5.993325366970701e-07
      ],
      [
        2.6312852421769928e-05,
        0.9998631319465106,
        1.0457798801044875e-05,
        0.00010009740226648774
      ],
      [
        2.387979845845628e-11,
        0.5006434716500314,
        4.740230006898851e-08,
        0.4993564809237887
      ],
      [
        2.5677387089491544e-06,
        0.9965603443553891,
        0.0004431801796320801,
        0.0029939077262699466
      ],
      [
        1.0987258022477243e-07,
        0.6241938030428287,
        3.0500100766479664e-06,
        0.3758030370745144
      ],
      [
        4.23111621739099e-06,
        0.994626325502005,
        0.0008187216117459944,
        0.004550721770031571
      ],
      [
        0.0035232589870273128,
        0.983445676268272,
        2.9012887147087107e-07,
        0.013030774615829216
      ],
      [
        0.005639498364574063,
        0.9943240994021737,
        2.061317753391263e-05,
        1.5789055718433466e-05
      ],
      [
        0.00033661134340565136,
        0.9560659229972119,
        0.0005195058261166873,
        0.043077959833265726
      ],
      [
        0.017306545738891017,
        0.9816056533901567,
        2.2775516050945586e-06,
        0.0010855233193471352
      ],
      [
        2.7022093874623453e-06,
        0.9847758284348338,
        0.0021018319322809995,
        0.013119637423497693
      ],
      [
        8.421408183801391e-07,
        0.741101448798179,
        0.05607536015500862,
        0.202822348905994
      ],
      [
        0.0015648625899641673,
        0.9156109251136375,
        0.0005506931031677694,
        0.08227351919323068
      ],
      [
        0.002500296656031263,
        0.9971419689043676,
        3.981426423230325e-05,
        0.00031792017536879736
      ],
      [
        1.9223966516603247e-06,
        0.9974305863483052,
        0.002479012543042998,
        8.847871200019616e-05
      ],
      [
        2.441482598237109e-08,
        0.5195098736403311,
        3.4730135304212557e-07,
        0.4804897546434899
      ],
      [
        2.7855250426101996e-08,
        0.6954623864929882,
        6.34314130810273e-05,
        0.3044741542386804
      ],
      [
        4.053785132024348e-06,
        0.9162939145606461,
        0.023194018484763195,
        0.06050801316945874
      ],
      [
        1.039948913633482e-05,
        0.9984565775761901,
        0.00028268255818271937,
        0.0012503403764907743
      ],
      [
        7.193939091872633e-07,
        0.9721051167805493,
        1.1379533671926648e-05,
        0.027882784291869373
      ],
      [
        7.069465102966623e-08,
        0.8142900804346277,
        1.376980998059697e-05,
        0.1856960790607408
      ],
      [
        1.0159403830494664e-05,
        0.9126465816163737,
        1.2489262841093839e-05,
        0.0873307697169548
      ],
      [
        9.045838587276612e-08,
        0.8655620006642079,
        9.968573666818434e-05,
        0.13433822314073818
      ],
      [
        2.7422168211655027e-08,
        0.5823373307419959,
        2.059526638937893e-05,
        0.4176420465694466
      ],
      [
        2.5677387089491544e-06,
        0.9965603443553891,
        0.0004431801796320801,
        0.0029939077262699466
      ],
      [
        9.9612906349848e-06,
        0.5181173890034778,
        4.85847578539359e-07,
        0.48187216385830867
      ],
      [
        6.003657040147816e-05,
        0.8250385675983132,
        1.5317262841306092e-05,
        0.17488607856844413
      ],
      [
        8.249393732803333e-05,
        0.8335555906261553,
        3.5765809662991093e-06,
        0.1663583388555504
      ],
      [
        8.424208698178739e-07,
        0.6750683912005879,
        0.0005910354117127978,
        0.32433973096682944
      ],
      [
        1.0501507132234047e-06,
        0.9772535309191716,
        0.0010610959297861285,
        0.021684323000329016
      ],
      [
        0.002093172087785064,
        0.7260653253040018,
        0.0038879511263034644,
        0.2679535514819096
      ],
      [
        4.6326915075334514e-05,
        0.9997704366539472,
        5.125533137828814e-06,
        0.00017811089783977498
      ],
      [
        1.5459275017410252e-09,
        0.986617136297288,
        0.006445180337495187,
        0.006937681819289352
      ],
      [
        0.0005948509536931082,
        0.9911934392331879,
        1.223623286284765e-06,
        0.008210486189832682
      ],
      [
        0.009414782021377006,
        0.9877028356585119,
        2.876305132379903e-07,
        0.0028820946895977365
      ],
      [
        3.3426906441586235e-07,
        0.9882536100562976,
        0.0017450998235481734,
        0.010000955851089713
      ],
      [
        0.002650794403141518,
        0.9963333413780275,
        0.0009715507593498432,
        4.431345948103548e-05
      ],
      [
        3.927557708822067e-05,
        0.6370100820981984,
        9.442335513646296e-05,
        0.3628562189695768
      ],
      [
        0.00018056060327537754,
        0.9740839532398968,
        0.00037798295861543054,
        0.025357503198212512
      ],
      [
        0.007988152184365532,
        0.9674668149832101,
        0.009713997720299525,
        0.014831035112124885
      ],
      [
        0.0010406442767599334,
        0.9713866003459346,
        0.0003466776985947098,
        0.027226077678710707
      ],
      [
        2.3428268650676544e-05,
        0.9994972848205836,
        1.5816483111331202e-05,
        0.00046347042765441736
      ],
      [
        5.7970177391650836e-05,
        0.930269772614939,
        0.0005936480521812515,
        0.06907860915548795
      ],
      [
        0.0001093819164855038,
        0.9505544072082911,
        6.380531300480555e-05,
        0.04927240556221859
      ],
      [
        1.299927787341e-08,
        0.9623141492883636,
        0.03486980389941477,
        0.0028160338129438298
      ],
      [
        0.0016951340754786015,
        0.9874380647972337,
        0.0007410973306055308,
        0.010125703796682116
      ],
      [
        8.12279350278488e-05,
        0.9849830267468236,
        0.014681994956754782,
        0.0002537503613938726
      ],
      [
        1.8937949561047172e-07,
        0.9788056231254311,
        0.00039688094432560893,
        0.02079730655074777
      ],
      [
        0.0005697778142991336,
        0.9982948555769279,
        0.0011323606106658465,
        3.005998107123893e-06
      ],
      [
        0.0008589773420225708,
        0.7906384214647597,
        0.004990840223679997,
        0.20351176096953771
      ],
      [
        1.3161148739112927e-06,
        0.8415366471007364,
        1.5559104858682316e-05,
        0.158446477679531
      ],
      [
        0.0030285461863878973,
        0.8410865185943798,
        0.007754226369368334,
        0.14813070884986407
      ],
      [
        2.5641721096193777e-05,
        0.6237517362145184,
        0.0016816083774531959,
        0.37454101368693227
      ],
      [
        0.0016662966570387143,
        0.8746956727588449,
        3.936523319122218e-05,
        0.12359866535092512
      ],
      [
        0.0008517236840883503,
        0.9990944404097541,
        8.058313478369696e-06,
        4.577759267907481e-05
      ],
      [
        9.751676819514973e-07,
        0.9635574357748105,
        1.1410952731009285e-05,
        0.03643017810477647
      ],
      [
        0.002286356515783399,
        0.9967914248634605,
        0.00016091957329520315,
        0.0007612990474609209
      ],
      [
        0.000498636696879992,
        0.7553736908961356,
        0.0005602998198204691,
        0.24356737258716396
      ],
      [
        3.951127605037795e-05,
        0.938434454577818,
        1.8424124383207264e-06,
        0.06152419173369324
      ],
      [
        8.571945484294392e-07,
        0.9998926448488057,
        9.997786551730792e-05,
        6.520091128447361e-06
      ],
      [
        3.338187585150687e-05,
        0.9999539400385997,
        1.999692760161339e-08,
        1.2658088621281884e-05
      ],
      [
        1.0244801536633693e-06,
        0.9717017526298688,
        9.235280988138063e-06,
        0.028287987608989453
      ],
      [
        0.001674458787425723,
        0.973521408096142,
        0.00022774707493005943,
        0.024576386041502193
      ],
      [
        0.007686273323541955,
        0.9881192448746239,
        0.003459134762988743,
        0.0007353470388455287
      ],
      [
        0.00011655121127940427,
        0.9945718213979452,
        0.0052210203448816075,
        9.060704589374437e-05
      ],
      [
        2.470497578886579e-09,
        0.7308780414079352,
        0.26820383998654695,
        0.0009181161350201518
      ],
      [
        0.00011655121127940427,
        0.9945718213979452,
        0.0052210203448816075,
        9.060704589374437e-05
      ],
      [
        2.9183267714961705e-07,
        0.8426701694348854,
        0.0002823010145906144,
        0.15704723771784676
      ],
      [
        2.1381590817233682e-05,
        0.5386504249298402,
        2.2967330630828198e-07,
        0.46132796380603636
      ],
      [
        1.613644388283428e-05,
        0.9177315866445057,
        5.665023410974706e-06,
        0.08224661188820058
      ],
      [
        8.813023317630158e-08,
        0.834701820619434,
        1.3549759422699363e-05,
        0.16528454149091007
      ],
      [
        3.442549015913343e-05,
        0.9903590344280291,
        0.00025311217907804303,
        0.009353427902733727
      ],
      [
        3.510480185383967e-07,
        0.7097634537860403,
        0.00020101321176300461,
        0.2900351819541782
      ],
      [
        0.004119237311851848,
        0.9850637729645155,
        0.006724699007860481,
        0.0040922907157721535
      ],
      [
        2.0722640555336837e-09,
        0.5141573974065554,
        1.078577797543722e-05,
        0.48583181474320497
      ],
      [
        1.9085677268939178e-06,
        0.8322373172215785,
        1.4531610217114169e-05,
        0.16774624260047755
      ],
      [
        3.2997451409643486e-08,
        0.5499702452286023,
        4.566942135308025e-06,
        0.450025154831811
      ],
      [
        0.0007610476902067236,
        0.9968236397574884,
        0.001980448900376486,
        0.00043486365192836444
      ],
      [
        3.833002082361908e-09,
        0.7396160645778675,
        3.0477269266873174e-06,
        0.2603808838622037
      ],
      [
        0.0003578282326415006,
        0.999462090271687,
        0.00017445115637889302,
        5.63033929262625e-06
      ],
      [
        0.010064141921306856,
        0.8572092205442736,
        0.0004904466414708176,
        0.13223619089294875
      ],
      [
        0.0017867546113210378,
        0.9982118459094141,
        4.802902281156683e-07,
        9.191890367371826e-07
      ],
      [
        0.00017291778047733982,
        0.974475885953842,
        2.522330786908467e-06,
        0.025348673934893762
      ],
      [
        3.9823110508295545e-06,
        0.5423582331938354,
        1.0192582353872084e-08,
        0.4576377743025315
      ],
      [
        1.165035182606607e-09,
        0.5214232713502517,
        0.00043769578186733833,
        0.4781390317028458
      ],
      [
        0.0036186084148524533,
        0.9664703257008526,
        0.0049816698949385,
        0.024929395989356513
      ],
      [
        9.158872743554475e-07,
        0.525309724840995,
        3.5180855646503933e-07,
        0.47468900746317416
      ],
      [
        1.892707200825151e-05,
        0.998029547760915,
        0.0002820166100166773,
        0.0016695085570599723
      ],
      [
        5.238530735562551e-08,
        0.9884133089022653,
        2.300793983655377e-06,
        0.011584337918443634
      ],
      [
        0.0037220784353194872,
        0.9639135223744186,
        3.1744552623111383e-09,
        0.03236439601580678
      ],
      [
        4.014787762407926e-05,
        0.9973619884400169,
        0.0018615609237324653,
        0.0007363027586266291
      ],
      [
        3.117057882438729e-05,
        0.9839916241499871,
        5.008153698461892e-07,
        0.015976704455818794
      ],
      [
        0.0008221430120666242,
        0.9802719220081704,
        5.58999962389536e-09,
        0.018905929389763505
      ],
      [
        9.871510701204114e-09,
        0.8396155751353599,
        0.01051475743515575,
        0.14986965755797357
      ],
      [
        8.81330866003658e-05,
        0.9571465026659642,
        7.286887555148314e-08,
        0.04276529137855995
      ],
      [
        0.000626007085979218,
        0.9709676250340171,
        3.5330481008356652e-06,
        0.028402834831902847
      ],
      [
        3.747931684054507e-09,
        0.7607549359992491,
        0.23877693725876534,
        0.00046812299405374065
      ],
      [
        9.179155659532764e-06,
        0.9970455260885025,
        4.771746073161727e-06,
        0.0029405230097649506
      ],
      [
        1.4648570581845604e-09,
        0.5088348300111963,
        3.47689605578491e-07,
        0.4911648208343411
      ],
      [
        2.490504490816031e-06,
        0.5237538194296399,
        1.1408097166850622e-05,
        0.4762322819687023
      ],
      [
        2.0798307672924839e-07,
        0.8194918567610934,
        0.00046164871337849104,
        0.18004628654245142
      ],
      [
        0.00013223559819041563,
        0.8534756402419253,
        7.662271722579692e-06,
        0.14638446188816165
      ],
      [
        1.1884465799618664e-05,
        0.99977498396769,
        3.856757538806491e-08,
        0.00021309299893502117
      ],
      [
        9.53115478804954e-06,
        0.9274461388564572,
        0.0007645707879021413,
        0.07177975920085264
      ],
      [
        0.0009302182356234579,
        0.5957156419324366,
        2.4826997763385603e-06,
        0.4033516571321636
      ],
      [
        0.00013814376936894688,
        0.9923672386463521,
        8.105569728311096e-05,
        0.007413561886995765
      ],
      [
        7.850621249409138e-05,
        0.7852322613048531,
        3.6160756092012167e-05,
        0.21465307172656067
      ],
      [
        0.0006971852967283674,
        0.9851630122256229,
        1.39048051505325e-06,
        0.01413841199713371
      ],
      [
        1.0203804546703657e-07,
        0.5077448399215455,
        0.4922470764942977,
        7.981546111322666e-06
      ],
      [
        1.7453888695054192e-05,
        0.0027535652932189876,
        0.9971129935935481,
        0.00011598722453793717
      ],
      [
        2.408182650682887e-08,
        0.2348711174968614,
        0.7651222909135715,
        6.567507740719925e-06
      ],
      [
        0.0018634537077455583,
        0.03364950437462415,
        0.9619164051901902,
        0.002570636727439961
      ],
      [
        9.754204418087999e-06,
        0.0005456439711905497,
        0.9994272668937106,
        1.733493068059696e-05
      ],
      [
        5.57416114599486e-07,
        0.00013440605542389052,
        0.06857253970068147,
        0.9312924968277801
      ],
      [
        8.066295108035908e-05,
        0.0019266812953505272,
        0.9975456150198567,
        0.0004470407337124376
      ],
      [
        1.0203804546703657e-07,
        0.5077448399215455,
        0.4922470764942977,
        7.981546111322666e-06
      ],
      [
        8.066295108035908e-05,
        0.0019266812953505272,
        0.9975456150198567,
        0.0004470407337124376
      ],
      [
        8.066295108035908e-05,
        0.0019266812953505272,
        0.9975456150198567,
        0.0004470407337124376
      ],
      [
        0.0009031567280886816,
        0.0011377060678590609,
        0.9541196573772421,
        0.04383947982681015
      ],
      [
        0.0009031567280886816,
        0.0011377060678590609,
        0.9541196573772421,
        0.04383947982681015
      ],
      [
        1.4741671258481182e-10,
        0.9999999891270382,
        1.0725108665965305e-08,
        4.363899803637464e-13
      ],
      [
        1.4741671258481182e-10,
        0.9999999891270382,
        1.0725108665965305e-08,
        4.363899803637464e-13
      ],
      [
        1.0203804546703657e-07,
        0.5077448399215455,
        0.4922470764942977,
        7.981546111322666e-06
      ],
      [
        1.0388534300015792e-05,
        0.0045004220501713476,
        0.9951503923886165,
        0.0003387970269122311
      ],
      [
        0.021812906817811648,
        1.3705773446068373e-05,
        0.9762735511973659,
        0.001899836211376436
      ],
      [
        1.1443080031441157e-07,
        0.007879533294405388,
        0.37727963996549185,
        0.6148407123093025
      ],
      [
        2.436359847255529e-07,
        9.180766749776581e-05,
        0.9991779850045956,
        0.0007299636919219153
      ],
      [
        2.436359847255529e-07,
        9.180766749776581e-05,
        0.9991779850045956,
        0.0007299636919219153
      ],
      [
        2.436359847255529e-07,
        9.180766749776581e-05,
        0.9991779850045956,
        0.0007299636919219153
      ],
      [
        3.745962407656215e-08,
        1.022120586917884e-07,
        0.9950983500928158,
        0.004901510235501431
      ],
      [
        8.155998011165246e-10,
        3.2726418038835353e-06,
        0.49397130631308417,
        0.5060254202295122
      ],
      [
        8.155998011165246e-10,
        3.2726418038835353e-06,
        0.49397130631308417,
        0.5060254202295122
      ],
      [
        8.155998011165246e-10,
        3.2726418038835353e-06,
        0.49397130631308417,
        0.5060254202295122
      ],
      [
        0.0005319204215453007,
        1.0569829981799517e-05,
        0.9855685806230624,
        0.01388892912541046
      ],
      [
        0.0005319204215453007,
        1.0569829981799517e-05,
        0.9855685806230624,
        0.01388892912541046
      ],
      [
        0.0005319204215453007,
        1.0569829981799517e-05,
        0.9855685806230624,
        0.01388892912541046
      ],
      [
        5.651032327075191e-05,
        0.01746213860754397,
        0.5010593593273357,
        0.4814219917418495
      ],
      [
        5.651032327075191e-05,
        0.01746213860754397,
        0.5010593593273357,
        0.4814219917418495
      ],
      [
        5.651032327075191e-05,
        0.01746213860754397,
        0.5010593593273357,
        0.4814219917418495
      ],
      [
        4.135790655832236e-06,
        2.7811352861891465e-06,
        0.6164806064386904,
        0.3835124766353675
      ],
      [
        3.745962407656215e-08,
        1.022120586917884e-07,
        0.9950983500928158,
        0.004901510235501431
      ],
      [
        3.745962407656215e-08,
        1.022120586917884e-07,
        0.9950983500928158,
        0.004901510235501431
      ],
      [
        0.00126007423334372,
        5.719621663769738e-07,
        0.9933558013840346,
        0.0053835524204552745
      ],
      [
        0.00126007423334372,
        5.719621663769738e-07,
        0.9933558013840346,
        0.0053835524204552745
      ],
      [
        0.00126007423334372,
        5.719621663769738e-07,
        0.9933558013840346,
        0.0053835524204552745
      ],
      [
        2.1307978815232196e-05,
        4.1156463537929826e-08,
        0.8352901666560869,
        0.16468848420863447
      ],
      [
        2.1307978815232196e-05,
        4.1156463537929826e-08,
        0.8352901666560869,
        0.16468848420863447
      ],
      [
        4.135790655832236e-06,
        2.7811352861891465e-06,
        0.6164806064386904,
        0.3835124766353675
      ],
      [
        1.8723207039335124e-10,
        8.965016125006805e-06,
        0.48540674904454245,
        0.5145842857521005
      ],
      [
        1.8723207039335124e-10,
        8.965016125006805e-06,
        0.48540674904454245,
        0.5145842857521005
      ],
      [
        1.1839321493476996e-09,
        0.02319994102619531,
        0.388860685357242,
        0.5879393724326306
      ],
      [
        1.1839321493476996e-09,
        0.02319994102619531,
        0.388860685357242,
        0.5879393724326306
      ],
      [
        0.00010795046399878173,
        0.11385857093173267,
        0.3702861512051568,
        0.5157473273991118
      ],
      [
        0.00010795046399878173,
        0.11385857093173267,
        0.3702861512051568,
        0.5157473273991118
      ],
      [
        0.9930324693079051,
        3.969343227896235e-05,
        0.004882793931547461,
        0.002045043328268547
      ],
      [
        0.9930324693079051,
        3.969343227896235e-05,
        0.004882793931547461,
        0.002045043328268547
      ],
      [
        9.94383074199777e-10,
        3.0164946888267466e-06,
        0.4985425650463624,
        0.5014544174645658
      ],
      [
        3.149352333985687e-05,
        0.00688401549971725,
        0.9930458615233116,
        3.862945363125353e-05
      ],
